(kicad_pcb (version 20171130) (host pcbnew "(5.1.5)-3")

  (general
    (thickness 1.6)
    (drawings 8)
    (tracks 1301)
    (zones 0)
    (modules 125)
    (nets 111)
  )

  (page A4)
  (layers
    (0 F.Cu signal hide)
    (1 In1.Cu power hide)
    (2 In2.Cu mixed hide)
    (31 B.Cu signal)
    (34 B.Paste user hide)
    (35 F.Paste user hide)
    (36 B.SilkS user hide)
    (37 F.SilkS user hide)
    (38 B.Mask user hide)
    (39 F.Mask user hide)
    (40 Dwgs.User user hide)
    (41 Cmts.User user hide)
    (42 Eco1.User user hide)
    (43 Eco2.User user hide)
    (44 Edge.Cuts user)
    (45 Margin user hide)
    (46 B.CrtYd user hide)
    (47 F.CrtYd user hide)
    (48 B.Fab user)
    (49 F.Fab user hide)
  )

  (setup
    (last_trace_width 0.127)
    (trace_clearance 0.127)
    (zone_clearance 0.3)
    (zone_45_only yes)
    (trace_min 0.127)
    (via_size 0.45)
    (via_drill 0.2)
    (via_min_size 0.45)
    (via_min_drill 0.2)
    (user_via 0.45 0.2)
    (user_via 0.45 0.3)
    (uvia_size 0.3)
    (uvia_drill 0.1)
    (uvias_allowed no)
    (uvia_min_size 0.2)
    (uvia_min_drill 0.1)
    (edge_width 0.1)
    (segment_width 0.2)
    (pcb_text_width 0.3)
    (pcb_text_size 1.5 1.5)
    (mod_edge_width 0.15)
    (mod_text_size 1 1)
    (mod_text_width 0.15)
    (pad_size 2.75 2.75)
    (pad_drill 2.75)
    (pad_to_mask_clearance 0.05)
    (solder_mask_min_width 0.2)
    (aux_axis_origin 12.5 60)
    (grid_origin 12.5 60)
    (visible_elements 7FF7FFFF)
    (pcbplotparams
      (layerselection 0x01330_80000001)
      (usegerberextensions false)
      (usegerberattributes false)
      (usegerberadvancedattributes false)
      (creategerberjobfile false)
      (excludeedgelayer true)
      (linewidth 0.100000)
      (plotframeref false)
      (viasonmask false)
      (mode 1)
      (useauxorigin false)
      (hpglpennumber 1)
      (hpglpenspeed 20)
      (hpglpendiameter 15.000000)
      (psnegative false)
      (psa4output false)
      (plotreference true)
      (plotvalue true)
      (plotinvisibletext false)
      (padsonsilk false)
      (subtractmaskfromsilk false)
      (outputformat 4)
      (mirror false)
      (drillshape 2)
      (scaleselection 1)
      (outputdirectory "meta/"))
  )

  (net 0 "")
  (net 1 "Net-(C101-Pad2)")
  (net 2 "Net-(C101-Pad1)")
  (net 3 +5VP)
  (net 4 GND)
  (net 5 +BATT)
  (net 6 "Net-(C104-Pad1)")
  (net 7 +5V)
  (net 8 +3V3)
  (net 9 +3.3VA)
  (net 10 "Net-(C116-Pad2)")
  (net 11 "Net-(C117-Pad2)")
  (net 12 /~RST)
  (net 13 "Net-(C120-Pad2)")
  (net 14 "Net-(C121-Pad2)")
  (net 15 "Net-(C122-Pad2)")
  (net 16 "Net-(C123-Pad2)")
  (net 17 "Net-(C125-Pad2)")
  (net 18 "Net-(D101-Pad2)")
  (net 19 /LED_WARN)
  (net 20 "Net-(D102-Pad2)")
  (net 21 /LED_STAT)
  (net 22 "Net-(J101-Pad3)")
  (net 23 "Net-(J101-Pad1)")
  (net 24 /SPI2_CS)
  (net 25 /SPI2_SCK)
  (net 26 /SPI2_MISO)
  (net 27 /SPI2_MOSI)
  (net 28 +3.3VP)
  (net 29 "Net-(J102-Pad15)")
  (net 30 /UART6_TX)
  (net 31 /UART6_RX)
  (net 32 /I2C1_SCL)
  (net 33 /I2C1_SDA)
  (net 34 /TIM8_CH4)
  (net 35 /TIM8_CH3)
  (net 36 /SERVO_OUT1)
  (net 37 /SYS_SWCLK)
  (net 38 /SYS_SWDIO)
  (net 39 /SERVO_OUT2)
  (net 40 /SERVO_OUT3)
  (net 41 /UART_RX)
  (net 42 /UART1_TX)
  (net 43 /SERVO_OUT4)
  (net 44 /SERVO_OUT5)
  (net 45 /SERVO_OUT6)
  (net 46 /I2C2_SDA)
  (net 47 /I2C2_SCL)
  (net 48 /WIND_PWM)
  (net 49 "Net-(J115-Pad1)")
  (net 50 /USBD+)
  (net 51 /USBD-)
  (net 52 "Net-(JP101-Pad2)")
  (net 53 /UBATT)
  (net 54 /~CS_BMX160)
  (net 55 /~CS_BMP280)
  (net 56 /UART_INV)
  (net 57 /~CS_FLASH)
  (net 58 /SPI3_SCK)
  (net 59 /VBUS_SENSE)
  (net 60 /RFM_RST)
  (net 61 /~RFM69_IRQ)
  (net 62 /BMX160_INT1)
  (net 63 /SPI1_MISO)
  (net 64 /SPI1_MOSI)
  (net 65 /SPI1_SCK)
  (net 66 /SPI3_MOSI)
  (net 67 /SPI3_MISO)
  (net 68 /~CS_RFM69)
  (net 69 /UART1_RX)
  (net 70 /BMX160_INT2)
  (net 71 /CARD_DET)
  (net 72 /~CS_SDCARD)
  (net 73 /USB_P)
  (net 74 /USB_N)
  (net 75 "Net-(R101-Pad2)")
  (net 76 /RFM_SUP)
  (net 77 "Net-(D104-Pad2)")
  (net 78 "Net-(D104-Pad1)")
  (net 79 "Net-(J102-Pad40)")
  (net 80 "Net-(J102-Pad38)")
  (net 81 "Net-(J102-Pad37)")
  (net 82 "Net-(J102-Pad36)")
  (net 83 "Net-(J102-Pad35)")
  (net 84 "Net-(J102-Pad33)")
  (net 85 "Net-(J102-Pad32)")
  (net 86 "Net-(J102-Pad31)")
  (net 87 "Net-(J102-Pad29)")
  (net 88 "Net-(J102-Pad28)")
  (net 89 "Net-(J102-Pad27)")
  (net 90 "Net-(J102-Pad26)")
  (net 91 "Net-(J102-Pad22)")
  (net 92 "Net-(J102-Pad18)")
  (net 93 "Net-(J102-Pad16)")
  (net 94 "Net-(J102-Pad13)")
  (net 95 "Net-(J102-Pad12)")
  (net 96 "Net-(J102-Pad11)")
  (net 97 "Net-(J102-Pad7)")
  (net 98 "Net-(J105-Pad5)")
  (net 99 /UART2_RX)
  (net 100 /UART2_TX)
  (net 101 "Net-(J116-Pad4)")
  (net 102 "Net-(J117-Pad8)")
  (net 103 "Net-(J117-Pad1)")
  (net 104 "Net-(U105-Pad2)")
  (net 105 "Net-(U111-Pad7)")
  (net 106 "Net-(U111-Pad11)")
  (net 107 "Net-(U111-Pad12)")
  (net 108 "Net-(U111-Pad15)")
  (net 109 "Net-(U111-Pad16)")
  (net 110 VBUS)

  (net_class Default "This is the default net class."
    (clearance 0.127)
    (trace_width 0.127)
    (via_dia 0.45)
    (via_drill 0.2)
    (uvia_dia 0.3)
    (uvia_drill 0.1)
    (add_net /BMX160_INT1)
    (add_net /BMX160_INT2)
    (add_net /CARD_DET)
    (add_net /I2C1_SCL)
    (add_net /I2C1_SDA)
    (add_net /I2C2_SCL)
    (add_net /I2C2_SDA)
    (add_net /LED_STAT)
    (add_net /LED_WARN)
    (add_net /RFM_RST)
    (add_net /SERVO_OUT1)
    (add_net /SERVO_OUT2)
    (add_net /SERVO_OUT3)
    (add_net /SERVO_OUT4)
    (add_net /SERVO_OUT5)
    (add_net /SERVO_OUT6)
    (add_net /SPI1_MISO)
    (add_net /SPI1_MOSI)
    (add_net /SPI1_SCK)
    (add_net /SPI2_CS)
    (add_net /SPI2_MISO)
    (add_net /SPI2_MOSI)
    (add_net /SPI2_SCK)
    (add_net /SPI3_MISO)
    (add_net /SPI3_MOSI)
    (add_net /SPI3_SCK)
    (add_net /SYS_SWCLK)
    (add_net /SYS_SWDIO)
    (add_net /TIM8_CH3)
    (add_net /TIM8_CH4)
    (add_net /UART1_RX)
    (add_net /UART1_TX)
    (add_net /UART2_RX)
    (add_net /UART2_TX)
    (add_net /UART6_RX)
    (add_net /UART6_TX)
    (add_net /UART_INV)
    (add_net /UART_RX)
    (add_net /UBATT)
    (add_net /USBD+)
    (add_net /USBD-)
    (add_net /USB_N)
    (add_net /USB_P)
    (add_net /VBUS_SENSE)
    (add_net /WIND_PWM)
    (add_net /~CS_BMP280)
    (add_net /~CS_BMX160)
    (add_net /~CS_FLASH)
    (add_net /~CS_RFM69)
    (add_net /~CS_SDCARD)
    (add_net /~RFM69_IRQ)
    (add_net /~RST)
    (add_net "Net-(C101-Pad1)")
    (add_net "Net-(C101-Pad2)")
    (add_net "Net-(C104-Pad1)")
    (add_net "Net-(C116-Pad2)")
    (add_net "Net-(C117-Pad2)")
    (add_net "Net-(C120-Pad2)")
    (add_net "Net-(C121-Pad2)")
    (add_net "Net-(C122-Pad2)")
    (add_net "Net-(C123-Pad2)")
    (add_net "Net-(C125-Pad2)")
    (add_net "Net-(D101-Pad2)")
    (add_net "Net-(D102-Pad2)")
    (add_net "Net-(D104-Pad1)")
    (add_net "Net-(D104-Pad2)")
    (add_net "Net-(J101-Pad3)")
    (add_net "Net-(J102-Pad11)")
    (add_net "Net-(J102-Pad12)")
    (add_net "Net-(J102-Pad13)")
    (add_net "Net-(J102-Pad15)")
    (add_net "Net-(J102-Pad16)")
    (add_net "Net-(J102-Pad18)")
    (add_net "Net-(J102-Pad22)")
    (add_net "Net-(J102-Pad26)")
    (add_net "Net-(J102-Pad27)")
    (add_net "Net-(J102-Pad28)")
    (add_net "Net-(J102-Pad29)")
    (add_net "Net-(J102-Pad31)")
    (add_net "Net-(J102-Pad32)")
    (add_net "Net-(J102-Pad33)")
    (add_net "Net-(J102-Pad35)")
    (add_net "Net-(J102-Pad36)")
    (add_net "Net-(J102-Pad37)")
    (add_net "Net-(J102-Pad38)")
    (add_net "Net-(J102-Pad40)")
    (add_net "Net-(J102-Pad7)")
    (add_net "Net-(J105-Pad5)")
    (add_net "Net-(J115-Pad1)")
    (add_net "Net-(J116-Pad4)")
    (add_net "Net-(J117-Pad1)")
    (add_net "Net-(J117-Pad8)")
    (add_net "Net-(JP101-Pad2)")
    (add_net "Net-(R101-Pad2)")
    (add_net "Net-(U105-Pad2)")
    (add_net "Net-(U111-Pad11)")
    (add_net "Net-(U111-Pad12)")
    (add_net "Net-(U111-Pad15)")
    (add_net "Net-(U111-Pad16)")
    (add_net "Net-(U111-Pad7)")
    (add_net VBUS)
  )

  (net_class "1A class" ""
    (clearance 0.127)
    (trace_width 0.2)
    (via_dia 0.45)
    (via_drill 0.3)
    (uvia_dia 0.3)
    (uvia_drill 0.1)
    (add_net +3.3VA)
    (add_net +3.3VP)
    (add_net +3V3)
    (add_net /RFM_SUP)
    (add_net GND)
  )

  (net_class "3A class" ""
    (clearance 0.2)
    (trace_width 0.6)
    (via_dia 0.45)
    (via_drill 0.3)
    (uvia_dia 0.3)
    (uvia_drill 0.1)
    (add_net +5V)
    (add_net +5VP)
    (add_net +BATT)
    (add_net "Net-(J101-Pad1)")
  )

  (module Resistor_SMD:R_Cat16-4 (layer B.Cu) (tedit 58E0A91E) (tstamp 5F3FB4D0)
    (at 53.14 37.775 90)
    (descr "SMT resistor net, Bourns CAT16 series, 4 way")
    (tags "SMT resistor net Bourns CAT16 series 4 way")
    (path /5FD49AC5)
    (attr smd)
    (fp_text reference RN101 (at 0 2.6 90) (layer B.SilkS)
      (effects (font (size 1 1) (thickness 0.15)) (justify mirror))
    )
    (fp_text value 47k (at 0 -2.55 90) (layer B.Fab) hide
      (effects (font (size 1 1) (thickness 0.15)) (justify mirror))
    )
    (fp_circle (center 0 0) (end -0.1 0) (layer B.Adhes) (width 0.2))
    (fp_line (start 1.39 -1.85) (end -1.39 -1.85) (layer B.CrtYd) (width 0.05))
    (fp_line (start 1.39 -1.85) (end 1.39 1.85) (layer B.CrtYd) (width 0.05))
    (fp_line (start -1.39 1.85) (end -1.39 -1.85) (layer B.CrtYd) (width 0.05))
    (fp_line (start -1.39 1.85) (end 1.39 1.85) (layer B.CrtYd) (width 0.05))
    (fp_line (start 1.1 1.7) (end -1.1 1.7) (layer B.SilkS) (width 0.12))
    (fp_line (start 1.1 -1.7) (end -1.1 -1.7) (layer B.SilkS) (width 0.12))
    (fp_line (start 0.8 1.6) (end 0.8 -1.6) (layer B.Fab) (width 0.1))
    (fp_line (start -0.8 1.6) (end 0.8 1.6) (layer B.Fab) (width 0.1))
    (fp_line (start -0.8 -1.6) (end -0.8 1.6) (layer B.Fab) (width 0.1))
    (fp_line (start 0.8 -1.6) (end -0.8 -1.6) (layer B.Fab) (width 0.1))
    (fp_text user %R (at 0 0 180) (layer B.Fab)
      (effects (font (size 0.5 0.5) (thickness 0.075)) (justify mirror))
    )
    (pad 8 smd rect (at 0.76 1.2 270) (size 0.76 0.43) (layers B.Cu B.Paste B.Mask)
      (net 8 +3V3))
    (pad 5 smd rect (at 0.76 -1.2 270) (size 0.76 0.43) (layers B.Cu B.Paste B.Mask)
      (net 8 +3V3))
    (pad 4 smd rect (at -0.76 -1.2 270) (size 0.76 0.43) (layers B.Cu B.Paste B.Mask)
      (net 72 /~CS_SDCARD))
    (pad 1 smd rect (at -0.76 1.2 270) (size 0.76 0.43) (layers B.Cu B.Paste B.Mask)
      (net 67 /SPI3_MISO))
    (pad 6 smd rect (at 0.76 -0.4 270) (size 0.76 0.43) (layers B.Cu B.Paste B.Mask)
      (net 8 +3V3))
    (pad 3 smd rect (at -0.76 -0.4 270) (size 0.76 0.43) (layers B.Cu B.Paste B.Mask)
      (net 66 /SPI3_MOSI))
    (pad 7 smd rect (at 0.76 0.4 270) (size 0.76 0.43) (layers B.Cu B.Paste B.Mask)
      (net 8 +3V3))
    (pad 2 smd rect (at -0.76 0.4 270) (size 0.76 0.43) (layers B.Cu B.Paste B.Mask)
      (net 58 /SPI3_SCK))
    (model ${KISYS3DMOD}/Resistor_SMD.3dshapes/R_Cat16-4.wrl
      (at (xyz 0 0 0))
      (scale (xyz 1 1 1))
      (rotate (xyz 0 0 0))
    )
  )

  (module Inductor_SMD:L_0603_1608Metric (layer F.Cu) (tedit 5B301BBE) (tstamp 5F3E1CCD)
    (at 31.7532 47.4524)
    (descr "Inductor SMD 0603 (1608 Metric), square (rectangular) end terminal, IPC_7351 nominal, (Body size source: http://www.tortai-tech.com/upload/download/2011102023233369053.pdf), generated with kicad-footprint-generator")
    (tags inductor)
    (path /5F97BB0E)
    (attr smd)
    (fp_text reference R118 (at 0 -1.43) (layer F.SilkS)
      (effects (font (size 1 1) (thickness 0.15)))
    )
    (fp_text value bead (at 0 1.43) (layer F.Fab) hide
      (effects (font (size 1 1) (thickness 0.15)))
    )
    (fp_text user %R (at 0 0) (layer F.Fab)
      (effects (font (size 0.4 0.4) (thickness 0.06)))
    )
    (fp_line (start 1.48 0.73) (end -1.48 0.73) (layer F.CrtYd) (width 0.05))
    (fp_line (start 1.48 -0.73) (end 1.48 0.73) (layer F.CrtYd) (width 0.05))
    (fp_line (start -1.48 -0.73) (end 1.48 -0.73) (layer F.CrtYd) (width 0.05))
    (fp_line (start -1.48 0.73) (end -1.48 -0.73) (layer F.CrtYd) (width 0.05))
    (fp_line (start -0.162779 0.51) (end 0.162779 0.51) (layer F.SilkS) (width 0.12))
    (fp_line (start -0.162779 -0.51) (end 0.162779 -0.51) (layer F.SilkS) (width 0.12))
    (fp_line (start 0.8 0.4) (end -0.8 0.4) (layer F.Fab) (width 0.1))
    (fp_line (start 0.8 -0.4) (end 0.8 0.4) (layer F.Fab) (width 0.1))
    (fp_line (start -0.8 -0.4) (end 0.8 -0.4) (layer F.Fab) (width 0.1))
    (fp_line (start -0.8 0.4) (end -0.8 -0.4) (layer F.Fab) (width 0.1))
    (pad 2 smd roundrect (at 0.7875 0) (size 0.875 0.95) (layers F.Cu F.Paste F.Mask) (roundrect_rratio 0.25)
      (net 9 +3.3VA))
    (pad 1 smd roundrect (at -0.7875 0) (size 0.875 0.95) (layers F.Cu F.Paste F.Mask) (roundrect_rratio 0.25)
      (net 17 "Net-(C125-Pad2)"))
    (model ${KISYS3DMOD}/Inductor_SMD.3dshapes/L_0603_1608Metric.wrl
      (at (xyz 0 0 0))
      (scale (xyz 1 1 1))
      (rotate (xyz 0 0 0))
    )
  )

  (module Inductor_SMD:L_0603_1608Metric (layer F.Cu) (tedit 5B301BBE) (tstamp 5F3E1C56)
    (at 40.5162 51.7704 270)
    (descr "Inductor SMD 0603 (1608 Metric), square (rectangular) end terminal, IPC_7351 nominal, (Body size source: http://www.tortai-tech.com/upload/download/2011102023233369053.pdf), generated with kicad-footprint-generator")
    (tags inductor)
    (path /61802298)
    (attr smd)
    (fp_text reference R111 (at 0 -1.43 90) (layer F.SilkS)
      (effects (font (size 1 1) (thickness 0.15)))
    )
    (fp_text value bead (at 0 1.43 90) (layer F.Fab) hide
      (effects (font (size 1 1) (thickness 0.15)))
    )
    (fp_text user %R (at 0 0 90) (layer F.Fab)
      (effects (font (size 0.4 0.4) (thickness 0.06)))
    )
    (fp_line (start 1.48 0.73) (end -1.48 0.73) (layer F.CrtYd) (width 0.05))
    (fp_line (start 1.48 -0.73) (end 1.48 0.73) (layer F.CrtYd) (width 0.05))
    (fp_line (start -1.48 -0.73) (end 1.48 -0.73) (layer F.CrtYd) (width 0.05))
    (fp_line (start -1.48 0.73) (end -1.48 -0.73) (layer F.CrtYd) (width 0.05))
    (fp_line (start -0.162779 0.51) (end 0.162779 0.51) (layer F.SilkS) (width 0.12))
    (fp_line (start -0.162779 -0.51) (end 0.162779 -0.51) (layer F.SilkS) (width 0.12))
    (fp_line (start 0.8 0.4) (end -0.8 0.4) (layer F.Fab) (width 0.1))
    (fp_line (start 0.8 -0.4) (end 0.8 0.4) (layer F.Fab) (width 0.1))
    (fp_line (start -0.8 -0.4) (end 0.8 -0.4) (layer F.Fab) (width 0.1))
    (fp_line (start -0.8 0.4) (end -0.8 -0.4) (layer F.Fab) (width 0.1))
    (pad 2 smd roundrect (at 0.7875 0 270) (size 0.875 0.95) (layers F.Cu F.Paste F.Mask) (roundrect_rratio 0.25)
      (net 9 +3.3VA))
    (pad 1 smd roundrect (at -0.7875 0 270) (size 0.875 0.95) (layers F.Cu F.Paste F.Mask) (roundrect_rratio 0.25)
      (net 11 "Net-(C117-Pad2)"))
    (model ${KISYS3DMOD}/Inductor_SMD.3dshapes/L_0603_1608Metric.wrl
      (at (xyz 0 0 0))
      (scale (xyz 1 1 1))
      (rotate (xyz 0 0 0))
    )
  )

  (module Inductor_SMD:L_0603_1608Metric (layer B.Cu) (tedit 5B301BBE) (tstamp 5F3F35DB)
    (at 40.694 44.887)
    (descr "Inductor SMD 0603 (1608 Metric), square (rectangular) end terminal, IPC_7351 nominal, (Body size source: http://www.tortai-tech.com/upload/download/2011102023233369053.pdf), generated with kicad-footprint-generator")
    (tags inductor)
    (path /5F9A4783)
    (attr smd)
    (fp_text reference R109 (at 0 1.43) (layer B.SilkS)
      (effects (font (size 1 1) (thickness 0.15)) (justify mirror))
    )
    (fp_text value bead (at 0 -1.43) (layer B.Fab) hide
      (effects (font (size 1 1) (thickness 0.15)) (justify mirror))
    )
    (fp_text user %R (at 0 0) (layer B.Fab)
      (effects (font (size 0.4 0.4) (thickness 0.06)) (justify mirror))
    )
    (fp_line (start 1.48 -0.73) (end -1.48 -0.73) (layer B.CrtYd) (width 0.05))
    (fp_line (start 1.48 0.73) (end 1.48 -0.73) (layer B.CrtYd) (width 0.05))
    (fp_line (start -1.48 0.73) (end 1.48 0.73) (layer B.CrtYd) (width 0.05))
    (fp_line (start -1.48 -0.73) (end -1.48 0.73) (layer B.CrtYd) (width 0.05))
    (fp_line (start -0.162779 -0.51) (end 0.162779 -0.51) (layer B.SilkS) (width 0.12))
    (fp_line (start -0.162779 0.51) (end 0.162779 0.51) (layer B.SilkS) (width 0.12))
    (fp_line (start 0.8 -0.4) (end -0.8 -0.4) (layer B.Fab) (width 0.1))
    (fp_line (start 0.8 0.4) (end 0.8 -0.4) (layer B.Fab) (width 0.1))
    (fp_line (start -0.8 0.4) (end 0.8 0.4) (layer B.Fab) (width 0.1))
    (fp_line (start -0.8 -0.4) (end -0.8 0.4) (layer B.Fab) (width 0.1))
    (pad 2 smd roundrect (at 0.7875 0) (size 0.875 0.95) (layers B.Cu B.Paste B.Mask) (roundrect_rratio 0.25)
      (net 9 +3.3VA))
    (pad 1 smd roundrect (at -0.7875 0) (size 0.875 0.95) (layers B.Cu B.Paste B.Mask) (roundrect_rratio 0.25)
      (net 10 "Net-(C116-Pad2)"))
    (model ${KISYS3DMOD}/Inductor_SMD.3dshapes/L_0603_1608Metric.wrl
      (at (xyz 0 0 0))
      (scale (xyz 1 1 1))
      (rotate (xyz 0 0 0))
    )
  )

  (module Capacitor_SMD:C_0805_2012Metric (layer F.Cu) (tedit 5B36C52B) (tstamp 5F3E18A0)
    (at 34.217 34.6 90)
    (descr "Capacitor SMD 0805 (2012 Metric), square (rectangular) end terminal, IPC_7351 nominal, (Body size source: https://docs.google.com/spreadsheets/d/1BsfQQcO9C6DZCsRaXUlFlo91Tg2WpOkGARC1WS5S8t0/edit?usp=sharing), generated with kicad-footprint-generator")
    (tags capacitor)
    (path /5FF430D0)
    (attr smd)
    (fp_text reference C132 (at 0 -1.65 90) (layer F.SilkS)
      (effects (font (size 1 1) (thickness 0.15)))
    )
    (fp_text value 10u (at 0 1.65 90) (layer F.Fab) hide
      (effects (font (size 1 1) (thickness 0.15)))
    )
    (fp_text user %R (at 0 0 90) (layer F.Fab)
      (effects (font (size 0.5 0.5) (thickness 0.08)))
    )
    (fp_line (start 1.68 0.95) (end -1.68 0.95) (layer F.CrtYd) (width 0.05))
    (fp_line (start 1.68 -0.95) (end 1.68 0.95) (layer F.CrtYd) (width 0.05))
    (fp_line (start -1.68 -0.95) (end 1.68 -0.95) (layer F.CrtYd) (width 0.05))
    (fp_line (start -1.68 0.95) (end -1.68 -0.95) (layer F.CrtYd) (width 0.05))
    (fp_line (start -0.258578 0.71) (end 0.258578 0.71) (layer F.SilkS) (width 0.12))
    (fp_line (start -0.258578 -0.71) (end 0.258578 -0.71) (layer F.SilkS) (width 0.12))
    (fp_line (start 1 0.6) (end -1 0.6) (layer F.Fab) (width 0.1))
    (fp_line (start 1 -0.6) (end 1 0.6) (layer F.Fab) (width 0.1))
    (fp_line (start -1 -0.6) (end 1 -0.6) (layer F.Fab) (width 0.1))
    (fp_line (start -1 0.6) (end -1 -0.6) (layer F.Fab) (width 0.1))
    (pad 2 smd roundrect (at 0.9375 0 90) (size 0.975 1.4) (layers F.Cu F.Paste F.Mask) (roundrect_rratio 0.25)
      (net 76 /RFM_SUP))
    (pad 1 smd roundrect (at -0.9375 0 90) (size 0.975 1.4) (layers F.Cu F.Paste F.Mask) (roundrect_rratio 0.25)
      (net 4 GND))
    (model ${KISYS3DMOD}/Capacitor_SMD.3dshapes/C_0805_2012Metric.wrl
      (at (xyz 0 0 0))
      (scale (xyz 1 1 1))
      (rotate (xyz 0 0 0))
    )
  )

  (module Capacitor_SMD:C_0805_2012Metric (layer B.Cu) (tedit 5B36C52B) (tstamp 5F3E185C)
    (at 41.71 55.047 180)
    (descr "Capacitor SMD 0805 (2012 Metric), square (rectangular) end terminal, IPC_7351 nominal, (Body size source: https://docs.google.com/spreadsheets/d/1BsfQQcO9C6DZCsRaXUlFlo91Tg2WpOkGARC1WS5S8t0/edit?usp=sharing), generated with kicad-footprint-generator")
    (tags capacitor)
    (path /5EE7A294)
    (attr smd)
    (fp_text reference C128 (at 0 1.65) (layer B.SilkS)
      (effects (font (size 1 1) (thickness 0.15)) (justify mirror))
    )
    (fp_text value 10u (at 0 -1.65) (layer B.Fab) hide
      (effects (font (size 1 1) (thickness 0.15)) (justify mirror))
    )
    (fp_text user %R (at 0 0) (layer B.Fab)
      (effects (font (size 0.5 0.5) (thickness 0.08)) (justify mirror))
    )
    (fp_line (start 1.68 -0.95) (end -1.68 -0.95) (layer B.CrtYd) (width 0.05))
    (fp_line (start 1.68 0.95) (end 1.68 -0.95) (layer B.CrtYd) (width 0.05))
    (fp_line (start -1.68 0.95) (end 1.68 0.95) (layer B.CrtYd) (width 0.05))
    (fp_line (start -1.68 -0.95) (end -1.68 0.95) (layer B.CrtYd) (width 0.05))
    (fp_line (start -0.258578 -0.71) (end 0.258578 -0.71) (layer B.SilkS) (width 0.12))
    (fp_line (start -0.258578 0.71) (end 0.258578 0.71) (layer B.SilkS) (width 0.12))
    (fp_line (start 1 -0.6) (end -1 -0.6) (layer B.Fab) (width 0.1))
    (fp_line (start 1 0.6) (end 1 -0.6) (layer B.Fab) (width 0.1))
    (fp_line (start -1 0.6) (end 1 0.6) (layer B.Fab) (width 0.1))
    (fp_line (start -1 -0.6) (end -1 0.6) (layer B.Fab) (width 0.1))
    (pad 2 smd roundrect (at 0.9375 0 180) (size 0.975 1.4) (layers B.Cu B.Paste B.Mask) (roundrect_rratio 0.25)
      (net 8 +3V3))
    (pad 1 smd roundrect (at -0.9375 0 180) (size 0.975 1.4) (layers B.Cu B.Paste B.Mask) (roundrect_rratio 0.25)
      (net 4 GND))
    (model ${KISYS3DMOD}/Capacitor_SMD.3dshapes/C_0805_2012Metric.wrl
      (at (xyz 0 0 0))
      (scale (xyz 1 1 1))
      (rotate (xyz 0 0 0))
    )
  )

  (module Capacitor_SMD:C_0805_2012Metric (layer F.Cu) (tedit 5B36C52B) (tstamp 5F3E183A)
    (at 62.284 50.983)
    (descr "Capacitor SMD 0805 (2012 Metric), square (rectangular) end terminal, IPC_7351 nominal, (Body size source: https://docs.google.com/spreadsheets/d/1BsfQQcO9C6DZCsRaXUlFlo91Tg2WpOkGARC1WS5S8t0/edit?usp=sharing), generated with kicad-footprint-generator")
    (tags capacitor)
    (path /5EE5EDDF)
    (attr smd)
    (fp_text reference C126 (at 0 -1.65) (layer F.SilkS)
      (effects (font (size 1 1) (thickness 0.15)))
    )
    (fp_text value 10u (at 0 1.65) (layer F.Fab) hide
      (effects (font (size 1 1) (thickness 0.15)))
    )
    (fp_text user %R (at 0 0) (layer F.Fab)
      (effects (font (size 0.5 0.5) (thickness 0.08)))
    )
    (fp_line (start 1.68 0.95) (end -1.68 0.95) (layer F.CrtYd) (width 0.05))
    (fp_line (start 1.68 -0.95) (end 1.68 0.95) (layer F.CrtYd) (width 0.05))
    (fp_line (start -1.68 -0.95) (end 1.68 -0.95) (layer F.CrtYd) (width 0.05))
    (fp_line (start -1.68 0.95) (end -1.68 -0.95) (layer F.CrtYd) (width 0.05))
    (fp_line (start -0.258578 0.71) (end 0.258578 0.71) (layer F.SilkS) (width 0.12))
    (fp_line (start -0.258578 -0.71) (end 0.258578 -0.71) (layer F.SilkS) (width 0.12))
    (fp_line (start 1 0.6) (end -1 0.6) (layer F.Fab) (width 0.1))
    (fp_line (start 1 -0.6) (end 1 0.6) (layer F.Fab) (width 0.1))
    (fp_line (start -1 -0.6) (end 1 -0.6) (layer F.Fab) (width 0.1))
    (fp_line (start -1 0.6) (end -1 -0.6) (layer F.Fab) (width 0.1))
    (pad 2 smd roundrect (at 0.9375 0) (size 0.975 1.4) (layers F.Cu F.Paste F.Mask) (roundrect_rratio 0.25)
      (net 7 +5V))
    (pad 1 smd roundrect (at -0.9375 0) (size 0.975 1.4) (layers F.Cu F.Paste F.Mask) (roundrect_rratio 0.25)
      (net 4 GND))
    (model ${KISYS3DMOD}/Capacitor_SMD.3dshapes/C_0805_2012Metric.wrl
      (at (xyz 0 0 0))
      (scale (xyz 1 1 1))
      (rotate (xyz 0 0 0))
    )
  )

  (module Capacitor_SMD:C_0805_2012Metric (layer F.Cu) (tedit 5B36C52B) (tstamp 5F3E173B)
    (at 60.887 35.87 270)
    (descr "Capacitor SMD 0805 (2012 Metric), square (rectangular) end terminal, IPC_7351 nominal, (Body size source: https://docs.google.com/spreadsheets/d/1BsfQQcO9C6DZCsRaXUlFlo91Tg2WpOkGARC1WS5S8t0/edit?usp=sharing), generated with kicad-footprint-generator")
    (tags capacitor)
    (path /6161EB42)
    (attr smd)
    (fp_text reference C111 (at 0 -1.65 90) (layer F.SilkS)
      (effects (font (size 1 1) (thickness 0.15)))
    )
    (fp_text value 10u (at 0 1.65 90) (layer F.Fab) hide
      (effects (font (size 1 1) (thickness 0.15)))
    )
    (fp_text user %R (at 0 0 90) (layer F.Fab)
      (effects (font (size 0.5 0.5) (thickness 0.08)))
    )
    (fp_line (start 1.68 0.95) (end -1.68 0.95) (layer F.CrtYd) (width 0.05))
    (fp_line (start 1.68 -0.95) (end 1.68 0.95) (layer F.CrtYd) (width 0.05))
    (fp_line (start -1.68 -0.95) (end 1.68 -0.95) (layer F.CrtYd) (width 0.05))
    (fp_line (start -1.68 0.95) (end -1.68 -0.95) (layer F.CrtYd) (width 0.05))
    (fp_line (start -0.258578 0.71) (end 0.258578 0.71) (layer F.SilkS) (width 0.12))
    (fp_line (start -0.258578 -0.71) (end 0.258578 -0.71) (layer F.SilkS) (width 0.12))
    (fp_line (start 1 0.6) (end -1 0.6) (layer F.Fab) (width 0.1))
    (fp_line (start 1 -0.6) (end 1 0.6) (layer F.Fab) (width 0.1))
    (fp_line (start -1 -0.6) (end 1 -0.6) (layer F.Fab) (width 0.1))
    (fp_line (start -1 0.6) (end -1 -0.6) (layer F.Fab) (width 0.1))
    (pad 2 smd roundrect (at 0.9375 0 270) (size 0.975 1.4) (layers F.Cu F.Paste F.Mask) (roundrect_rratio 0.25)
      (net 9 +3.3VA))
    (pad 1 smd roundrect (at -0.9375 0 270) (size 0.975 1.4) (layers F.Cu F.Paste F.Mask) (roundrect_rratio 0.25)
      (net 4 GND))
    (model ${KISYS3DMOD}/Capacitor_SMD.3dshapes/C_0805_2012Metric.wrl
      (at (xyz 0 0 0))
      (scale (xyz 1 1 1))
      (rotate (xyz 0 0 0))
    )
  )

  (module Capacitor_SMD:C_0805_2012Metric (layer B.Cu) (tedit 5B36C52B) (tstamp 5F3E1708)
    (at 70.0945 45.7125 270)
    (descr "Capacitor SMD 0805 (2012 Metric), square (rectangular) end terminal, IPC_7351 nominal, (Body size source: https://docs.google.com/spreadsheets/d/1BsfQQcO9C6DZCsRaXUlFlo91Tg2WpOkGARC1WS5S8t0/edit?usp=sharing), generated with kicad-footprint-generator")
    (tags capacitor)
    (path /5F0A375A)
    (attr smd)
    (fp_text reference C108 (at 0 1.65 90) (layer B.SilkS)
      (effects (font (size 1 1) (thickness 0.15)) (justify mirror))
    )
    (fp_text value 10u (at 0 -1.65 90) (layer B.Fab) hide
      (effects (font (size 1 1) (thickness 0.15)) (justify mirror))
    )
    (fp_text user %R (at 0 0 90) (layer B.Fab)
      (effects (font (size 0.5 0.5) (thickness 0.08)) (justify mirror))
    )
    (fp_line (start 1.68 -0.95) (end -1.68 -0.95) (layer B.CrtYd) (width 0.05))
    (fp_line (start 1.68 0.95) (end 1.68 -0.95) (layer B.CrtYd) (width 0.05))
    (fp_line (start -1.68 0.95) (end 1.68 0.95) (layer B.CrtYd) (width 0.05))
    (fp_line (start -1.68 -0.95) (end -1.68 0.95) (layer B.CrtYd) (width 0.05))
    (fp_line (start -0.258578 -0.71) (end 0.258578 -0.71) (layer B.SilkS) (width 0.12))
    (fp_line (start -0.258578 0.71) (end 0.258578 0.71) (layer B.SilkS) (width 0.12))
    (fp_line (start 1 -0.6) (end -1 -0.6) (layer B.Fab) (width 0.1))
    (fp_line (start 1 0.6) (end 1 -0.6) (layer B.Fab) (width 0.1))
    (fp_line (start -1 0.6) (end 1 0.6) (layer B.Fab) (width 0.1))
    (fp_line (start -1 -0.6) (end -1 0.6) (layer B.Fab) (width 0.1))
    (pad 2 smd roundrect (at 0.9375 0 270) (size 0.975 1.4) (layers B.Cu B.Paste B.Mask) (roundrect_rratio 0.25)
      (net 5 +BATT))
    (pad 1 smd roundrect (at -0.9375 0 270) (size 0.975 1.4) (layers B.Cu B.Paste B.Mask) (roundrect_rratio 0.25)
      (net 4 GND))
    (model ${KISYS3DMOD}/Capacitor_SMD.3dshapes/C_0805_2012Metric.wrl
      (at (xyz 0 0 0))
      (scale (xyz 1 1 1))
      (rotate (xyz 0 0 0))
    )
  )

  (module Capacitor_SMD:C_0805_2012Metric (layer F.Cu) (tedit 5B36C52B) (tstamp 5F3E16F7)
    (at 60.887 40.569 270)
    (descr "Capacitor SMD 0805 (2012 Metric), square (rectangular) end terminal, IPC_7351 nominal, (Body size source: https://docs.google.com/spreadsheets/d/1BsfQQcO9C6DZCsRaXUlFlo91Tg2WpOkGARC1WS5S8t0/edit?usp=sharing), generated with kicad-footprint-generator")
    (tags capacitor)
    (path /5E8E641C)
    (attr smd)
    (fp_text reference C107 (at 0 -1.65 90) (layer F.SilkS)
      (effects (font (size 1 1) (thickness 0.15)))
    )
    (fp_text value 10u (at 0 1.65 90) (layer F.Fab) hide
      (effects (font (size 1 1) (thickness 0.15)))
    )
    (fp_text user %R (at 0 0 90) (layer F.Fab)
      (effects (font (size 0.5 0.5) (thickness 0.08)))
    )
    (fp_line (start 1.68 0.95) (end -1.68 0.95) (layer F.CrtYd) (width 0.05))
    (fp_line (start 1.68 -0.95) (end 1.68 0.95) (layer F.CrtYd) (width 0.05))
    (fp_line (start -1.68 -0.95) (end 1.68 -0.95) (layer F.CrtYd) (width 0.05))
    (fp_line (start -1.68 0.95) (end -1.68 -0.95) (layer F.CrtYd) (width 0.05))
    (fp_line (start -0.258578 0.71) (end 0.258578 0.71) (layer F.SilkS) (width 0.12))
    (fp_line (start -0.258578 -0.71) (end 0.258578 -0.71) (layer F.SilkS) (width 0.12))
    (fp_line (start 1 0.6) (end -1 0.6) (layer F.Fab) (width 0.1))
    (fp_line (start 1 -0.6) (end 1 0.6) (layer F.Fab) (width 0.1))
    (fp_line (start -1 -0.6) (end 1 -0.6) (layer F.Fab) (width 0.1))
    (fp_line (start -1 0.6) (end -1 -0.6) (layer F.Fab) (width 0.1))
    (pad 2 smd roundrect (at 0.9375 0 270) (size 0.975 1.4) (layers F.Cu F.Paste F.Mask) (roundrect_rratio 0.25)
      (net 8 +3V3))
    (pad 1 smd roundrect (at -0.9375 0 270) (size 0.975 1.4) (layers F.Cu F.Paste F.Mask) (roundrect_rratio 0.25)
      (net 4 GND))
    (model ${KISYS3DMOD}/Capacitor_SMD.3dshapes/C_0805_2012Metric.wrl
      (at (xyz 0 0 0))
      (scale (xyz 1 1 1))
      (rotate (xyz 0 0 0))
    )
  )

  (module Capacitor_SMD:C_0805_2012Metric (layer F.Cu) (tedit 5B36C52B) (tstamp 5F3E16D5)
    (at 69.015 43.49 180)
    (descr "Capacitor SMD 0805 (2012 Metric), square (rectangular) end terminal, IPC_7351 nominal, (Body size source: https://docs.google.com/spreadsheets/d/1BsfQQcO9C6DZCsRaXUlFlo91Tg2WpOkGARC1WS5S8t0/edit?usp=sharing), generated with kicad-footprint-generator")
    (tags capacitor)
    (path /5F1C3D31)
    (attr smd)
    (fp_text reference C105 (at 0 -1.65) (layer F.SilkS)
      (effects (font (size 1 1) (thickness 0.15)))
    )
    (fp_text value 22u (at 0 1.65) (layer F.Fab) hide
      (effects (font (size 1 1) (thickness 0.15)))
    )
    (fp_text user %R (at 0 0) (layer F.Fab)
      (effects (font (size 0.5 0.5) (thickness 0.08)))
    )
    (fp_line (start 1.68 0.95) (end -1.68 0.95) (layer F.CrtYd) (width 0.05))
    (fp_line (start 1.68 -0.95) (end 1.68 0.95) (layer F.CrtYd) (width 0.05))
    (fp_line (start -1.68 -0.95) (end 1.68 -0.95) (layer F.CrtYd) (width 0.05))
    (fp_line (start -1.68 0.95) (end -1.68 -0.95) (layer F.CrtYd) (width 0.05))
    (fp_line (start -0.258578 0.71) (end 0.258578 0.71) (layer F.SilkS) (width 0.12))
    (fp_line (start -0.258578 -0.71) (end 0.258578 -0.71) (layer F.SilkS) (width 0.12))
    (fp_line (start 1 0.6) (end -1 0.6) (layer F.Fab) (width 0.1))
    (fp_line (start 1 -0.6) (end 1 0.6) (layer F.Fab) (width 0.1))
    (fp_line (start -1 -0.6) (end 1 -0.6) (layer F.Fab) (width 0.1))
    (fp_line (start -1 0.6) (end -1 -0.6) (layer F.Fab) (width 0.1))
    (pad 2 smd roundrect (at 0.9375 0 180) (size 0.975 1.4) (layers F.Cu F.Paste F.Mask) (roundrect_rratio 0.25)
      (net 3 +5VP))
    (pad 1 smd roundrect (at -0.9375 0 180) (size 0.975 1.4) (layers F.Cu F.Paste F.Mask) (roundrect_rratio 0.25)
      (net 4 GND))
    (model ${KISYS3DMOD}/Capacitor_SMD.3dshapes/C_0805_2012Metric.wrl
      (at (xyz 0 0 0))
      (scale (xyz 1 1 1))
      (rotate (xyz 0 0 0))
    )
  )

  (module Capacitor_SMD:C_0805_2012Metric (layer B.Cu) (tedit 5B36C52B) (tstamp 5F3E16B3)
    (at 72.19 45.7125 270)
    (descr "Capacitor SMD 0805 (2012 Metric), square (rectangular) end terminal, IPC_7351 nominal, (Body size source: https://docs.google.com/spreadsheets/d/1BsfQQcO9C6DZCsRaXUlFlo91Tg2WpOkGARC1WS5S8t0/edit?usp=sharing), generated with kicad-footprint-generator")
    (tags capacitor)
    (path /5F0A3FFC)
    (attr smd)
    (fp_text reference C103 (at 0 1.65 90) (layer B.SilkS)
      (effects (font (size 1 1) (thickness 0.15)) (justify mirror))
    )
    (fp_text value 10u (at 0 -1.65 90) (layer B.Fab) hide
      (effects (font (size 1 1) (thickness 0.15)) (justify mirror))
    )
    (fp_text user %R (at 0 0 90) (layer B.Fab)
      (effects (font (size 0.5 0.5) (thickness 0.08)) (justify mirror))
    )
    (fp_line (start 1.68 -0.95) (end -1.68 -0.95) (layer B.CrtYd) (width 0.05))
    (fp_line (start 1.68 0.95) (end 1.68 -0.95) (layer B.CrtYd) (width 0.05))
    (fp_line (start -1.68 0.95) (end 1.68 0.95) (layer B.CrtYd) (width 0.05))
    (fp_line (start -1.68 -0.95) (end -1.68 0.95) (layer B.CrtYd) (width 0.05))
    (fp_line (start -0.258578 -0.71) (end 0.258578 -0.71) (layer B.SilkS) (width 0.12))
    (fp_line (start -0.258578 0.71) (end 0.258578 0.71) (layer B.SilkS) (width 0.12))
    (fp_line (start 1 -0.6) (end -1 -0.6) (layer B.Fab) (width 0.1))
    (fp_line (start 1 0.6) (end 1 -0.6) (layer B.Fab) (width 0.1))
    (fp_line (start -1 0.6) (end 1 0.6) (layer B.Fab) (width 0.1))
    (fp_line (start -1 -0.6) (end -1 0.6) (layer B.Fab) (width 0.1))
    (pad 2 smd roundrect (at 0.9375 0 270) (size 0.975 1.4) (layers B.Cu B.Paste B.Mask) (roundrect_rratio 0.25)
      (net 5 +BATT))
    (pad 1 smd roundrect (at -0.9375 0 270) (size 0.975 1.4) (layers B.Cu B.Paste B.Mask) (roundrect_rratio 0.25)
      (net 4 GND))
    (model ${KISYS3DMOD}/Capacitor_SMD.3dshapes/C_0805_2012Metric.wrl
      (at (xyz 0 0 0))
      (scale (xyz 1 1 1))
      (rotate (xyz 0 0 0))
    )
  )

  (module Capacitor_SMD:C_0805_2012Metric (layer F.Cu) (tedit 5B36C52B) (tstamp 5F3E16A2)
    (at 69.015 45.4585 180)
    (descr "Capacitor SMD 0805 (2012 Metric), square (rectangular) end terminal, IPC_7351 nominal, (Body size source: https://docs.google.com/spreadsheets/d/1BsfQQcO9C6DZCsRaXUlFlo91Tg2WpOkGARC1WS5S8t0/edit?usp=sharing), generated with kicad-footprint-generator")
    (tags capacitor)
    (path /5F1C30CA)
    (attr smd)
    (fp_text reference C102 (at 0 -1.65) (layer F.SilkS)
      (effects (font (size 1 1) (thickness 0.15)))
    )
    (fp_text value 22u (at 0 1.65) (layer F.Fab) hide
      (effects (font (size 1 1) (thickness 0.15)))
    )
    (fp_text user %R (at 0 0) (layer F.Fab)
      (effects (font (size 0.5 0.5) (thickness 0.08)))
    )
    (fp_line (start 1.68 0.95) (end -1.68 0.95) (layer F.CrtYd) (width 0.05))
    (fp_line (start 1.68 -0.95) (end 1.68 0.95) (layer F.CrtYd) (width 0.05))
    (fp_line (start -1.68 -0.95) (end 1.68 -0.95) (layer F.CrtYd) (width 0.05))
    (fp_line (start -1.68 0.95) (end -1.68 -0.95) (layer F.CrtYd) (width 0.05))
    (fp_line (start -0.258578 0.71) (end 0.258578 0.71) (layer F.SilkS) (width 0.12))
    (fp_line (start -0.258578 -0.71) (end 0.258578 -0.71) (layer F.SilkS) (width 0.12))
    (fp_line (start 1 0.6) (end -1 0.6) (layer F.Fab) (width 0.1))
    (fp_line (start 1 -0.6) (end 1 0.6) (layer F.Fab) (width 0.1))
    (fp_line (start -1 -0.6) (end 1 -0.6) (layer F.Fab) (width 0.1))
    (fp_line (start -1 0.6) (end -1 -0.6) (layer F.Fab) (width 0.1))
    (pad 2 smd roundrect (at 0.9375 0 180) (size 0.975 1.4) (layers F.Cu F.Paste F.Mask) (roundrect_rratio 0.25)
      (net 3 +5VP))
    (pad 1 smd roundrect (at -0.9375 0 180) (size 0.975 1.4) (layers F.Cu F.Paste F.Mask) (roundrect_rratio 0.25)
      (net 4 GND))
    (model ${KISYS3DMOD}/Capacitor_SMD.3dshapes/C_0805_2012Metric.wrl
      (at (xyz 0 0 0))
      (scale (xyz 1 1 1))
      (rotate (xyz 0 0 0))
    )
  )

  (module Jumper:SolderJumper-2_P1.3mm_Open_Pad1.0x1.5mm (layer B.Cu) (tedit 5A3EABFC) (tstamp 5F48E36B)
    (at 43.615 46.284 270)
    (descr "SMD Solder Jumper, 1x1.5mm Pads, 0.3mm gap, open")
    (tags "solder jumper open")
    (path /5F7CFAAC)
    (attr virtual)
    (fp_text reference JP105 (at 0 1.8 90) (layer B.SilkS)
      (effects (font (size 1 1) (thickness 0.15)) (justify mirror))
    )
    (fp_text value RST (at 0 -1.9 90) (layer B.Fab) hide
      (effects (font (size 1 1) (thickness 0.15)) (justify mirror))
    )
    (fp_line (start 1.65 -1.25) (end -1.65 -1.25) (layer B.CrtYd) (width 0.05))
    (fp_line (start 1.65 -1.25) (end 1.65 1.25) (layer B.CrtYd) (width 0.05))
    (fp_line (start -1.65 1.25) (end -1.65 -1.25) (layer B.CrtYd) (width 0.05))
    (fp_line (start -1.65 1.25) (end 1.65 1.25) (layer B.CrtYd) (width 0.05))
    (fp_line (start -1.4 1) (end 1.4 1) (layer B.SilkS) (width 0.12))
    (fp_line (start 1.4 1) (end 1.4 -1) (layer B.SilkS) (width 0.12))
    (fp_line (start 1.4 -1) (end -1.4 -1) (layer B.SilkS) (width 0.12))
    (fp_line (start -1.4 -1) (end -1.4 1) (layer B.SilkS) (width 0.12))
    (pad 1 smd rect (at -0.65 0 270) (size 1 1.5) (layers B.Cu B.Mask)
      (net 29 "Net-(J102-Pad15)"))
    (pad 2 smd rect (at 0.65 0 270) (size 1 1.5) (layers B.Cu B.Mask)
      (net 12 /~RST))
  )

  (module Capacitor_SMD:C_0805_2012Metric (layer B.Cu) (tedit 5B36C52B) (tstamp 5F488097)
    (at 73.968 36.6955 90)
    (descr "Capacitor SMD 0805 (2012 Metric), square (rectangular) end terminal, IPC_7351 nominal, (Body size source: https://docs.google.com/spreadsheets/d/1BsfQQcO9C6DZCsRaXUlFlo91Tg2WpOkGARC1WS5S8t0/edit?usp=sharing), generated with kicad-footprint-generator")
    (tags capacitor)
    (path /5F6C9957)
    (attr smd)
    (fp_text reference C133 (at 0 1.65 90) (layer B.SilkS)
      (effects (font (size 1 1) (thickness 0.15)) (justify mirror))
    )
    (fp_text value 10u (at 0 -1.65 90) (layer B.Fab) hide
      (effects (font (size 1 1) (thickness 0.15)) (justify mirror))
    )
    (fp_text user %R (at 0 0 90) (layer B.Fab)
      (effects (font (size 0.5 0.5) (thickness 0.08)) (justify mirror))
    )
    (fp_line (start 1.68 -0.95) (end -1.68 -0.95) (layer B.CrtYd) (width 0.05))
    (fp_line (start 1.68 0.95) (end 1.68 -0.95) (layer B.CrtYd) (width 0.05))
    (fp_line (start -1.68 0.95) (end 1.68 0.95) (layer B.CrtYd) (width 0.05))
    (fp_line (start -1.68 -0.95) (end -1.68 0.95) (layer B.CrtYd) (width 0.05))
    (fp_line (start -0.258578 -0.71) (end 0.258578 -0.71) (layer B.SilkS) (width 0.12))
    (fp_line (start -0.258578 0.71) (end 0.258578 0.71) (layer B.SilkS) (width 0.12))
    (fp_line (start 1 -0.6) (end -1 -0.6) (layer B.Fab) (width 0.1))
    (fp_line (start 1 0.6) (end 1 -0.6) (layer B.Fab) (width 0.1))
    (fp_line (start -1 0.6) (end 1 0.6) (layer B.Fab) (width 0.1))
    (fp_line (start -1 -0.6) (end -1 0.6) (layer B.Fab) (width 0.1))
    (pad 2 smd roundrect (at 0.9375 0 90) (size 0.975 1.4) (layers B.Cu B.Paste B.Mask) (roundrect_rratio 0.25)
      (net 110 VBUS))
    (pad 1 smd roundrect (at -0.9375 0 90) (size 0.975 1.4) (layers B.Cu B.Paste B.Mask) (roundrect_rratio 0.25)
      (net 4 GND))
    (model ${KISYS3DMOD}/Capacitor_SMD.3dshapes/C_0805_2012Metric.wrl
      (at (xyz 0 0 0))
      (scale (xyz 1 1 1))
      (rotate (xyz 0 0 0))
    )
  )

  (module SilentWorks:AMPHENOL_1140084168 (layer B.Cu) (tedit 5F478294) (tstamp 5F3F8458)
    (at 55.1085 57.9045 180)
    (path /5F8DD9E2)
    (fp_text reference J117 (at -2.555 12.889) (layer B.SilkS)
      (effects (font (size 1.4 1.4) (thickness 0.015)) (justify mirror))
    )
    (fp_text value Micro_SD_Card (at 9.891 -4.111) (layer B.Fab) hide
      (effects (font (size 1.4 1.4) (thickness 0.015)) (justify mirror))
    )
    (fp_circle (center 3.2 -2.5) (end 3.3 -2.5) (layer B.Fab) (width 0.2))
    (fp_circle (center 3.2 -2.5) (end 3.3 -2.5) (layer B.SilkS) (width 0.2))
    (fp_line (start -5.975 5.78) (end -5.975 0.32) (layer B.SilkS) (width 0.127))
    (fp_line (start 5.975 -1.25) (end 5.975 10.2) (layer B.Fab) (width 0.127))
    (fp_line (start 5.975 10.2) (end -5.975 10.2) (layer B.Fab) (width 0.127))
    (fp_line (start -5.975 10.2) (end -5.975 -1.25) (layer B.Fab) (width 0.127))
    (fp_line (start 6.65 10.95) (end -6.6 10.95) (layer B.CrtYd) (width 0.05))
    (fp_line (start 6.65 -2) (end 6.65 10.95) (layer B.CrtYd) (width 0.05))
